   5.000000       106672.0    
   10.00000       98847.05    
   15.00000       91022.14    
   20.00000       83197.23    
   25.00000       75372.31    
   30.00000       67547.41    
   35.00000       59722.50    
   40.00000       51897.59    
   45.00000       44072.67    
   50.00000       36247.76    
   55.00000       28422.85    
   60.00000       20597.94    
   65.00000       16667.33    
   70.00000       12736.72    
   75.00000       10557.41    
   80.00000       8378.107    
   85.00000       7077.834    
   90.00000       5777.560    
   95.00000       4956.501    
   100.0000       4135.443    
   105.0000       3593.040    
   110.0000       3050.637    
   115.0000       2678.879    
   120.0000       2307.121    
   125.0000       2044.403    
   130.0000       1781.685    
   135.0000       1591.165    
   140.0000       1400.645    
   145.0000       1259.393    
   150.0000       1118.141    
   155.0000       1011.393    
   160.0000       904.6456    
   165.0000       822.6138    
   170.0000       740.5820    
   175.0000       676.6077    
   180.0000       612.6334    
   185.0000       562.0843    
   190.0000       511.5352    
   195.0000       471.1243    
   200.0000       430.7134    
   205.0000       398.0658    
   210.0000       365.4182    
   215.0000       338.7906    
   220.0000       312.1630    
   225.0000       290.2570    
   229.0000       272.7323    
   234.0000       253.8199    
   243.0000       222.9207    
   252.0000       196.5803    
   256.0000       186.3768    
   260.0000       176.1732    
   266.0000       163.2263    
   275.0000       145.4168    
   283.0000       131.5290    
   293.0000       116.4931    
   301.0000       105.8852    
   309.0000       96.56813    
   325.0000       80.91194    
   342.0000       67.49197    
   351.0000       61.51344    
   356.0000       58.55200    
   365.0000       53.56948    
   375.0000       48.64309    
   384.0000       44.68770    
   400.0000       38.57020    
   415.0000       33.85252    
   425.0000       31.08819    
   445.0000       26.37745    
   472.0000       21.38057    
   494.0000       18.20510    
   506.0000       16.73302    
   516.0000       15.62641    
   540.0000       13.33993    
   564.0000       11.50841    
   587.0000       10.06580    
   612.0000       8.779606    
   640.0000       7.612681    
   671.0000       6.586743    
   705.0000       5.702596    
   736.0000       5.062480    
   770.0000       4.499761    
   810.0000       3.982468    
   850.0000       3.581131    
   890.0000       3.266361    
   920.0000       3.074063    
   940.0000       2.962791    
   962.0000       2.853899    
   987.0000       2.744572    
   1012.000       2.648451    
   1037.000       2.563792    
   1062.000       2.488770    
   1087.000       2.422161    
   1112.000       2.362662    
   1120.000       2.344907    
   1140.000       2.303290    
   1160.000       2.265031    
   1180.000       2.229764    
   1200.000       2.197168    
   1220.000       2.166960    
   1240.000       2.138890    
   1260.000       2.112733    
   1280.000       2.088297    
   1300.000       2.065403    
   1320.000       2.043899    
   1340.000       2.023646    
   1360.000       2.004522    
   1380.000       1.986416    
   1400.000       1.969232    
   1420.000       1.952881    
   1440.000       1.937285    
   1460.000       1.922375    
   1480.000       1.908087    
   1500.000       1.894367    
   1520.000       1.881161    
   1540.000       1.868427    
   1560.000       1.856123    
   1580.000       1.844211    
   1600.000       1.832660    
   1620.000       1.821439    
   1640.000       1.810521    
   1660.000       1.799883    
   1680.000       1.789500    
   1700.000       1.779356    
   1720.000       1.769431    
   1740.000       1.759709    
   1760.000       1.750176    
   1780.000       1.740818    
   1800.000       1.731623    
   1820.000       1.722581    
   1840.000       1.713681    
   1860.000       1.704914    
   1880.000       1.696272    
   1900.000       1.687749    
   1920.000       1.679336    
   1940.000       1.671028    
   1960.000       1.662820    
   1980.000       1.654705    
   2000.000       1.646680    
   2002.500       1.645685    
   2005.000       1.644690    
   2007.500       1.643694    
   2010.000       1.642699    
   2012.500       1.641709    
   2015.000       1.640719    
   2017.500       1.639730    
   2020.000       1.638740    
   2022.500       1.637755    
   2025.000       1.636770    
   2027.500       1.635786    
   2030.000       1.634801    
   2032.500       1.633821    
   2035.000       1.632841    
   2037.500       1.631861    
   2040.000       1.630881    
   2042.500       1.629906    
   2045.000       1.628932    
   2047.500       1.627957    
   2050.000       1.626982    
   2052.500       1.626012    
   2055.000       1.625041    
   2057.500       1.624071    
   2060.000       1.623101    
   2062.500       1.622136    
   2065.000       1.621170    
   2067.500       1.620204    
   2070.000       1.619239    
   2072.500       1.618278    
   2075.000       1.617317    
   2077.500       1.616356    
   2080.000       1.615395    
   2082.500       1.614439    
   2085.000       1.613482    
   2087.500       1.612525    
   2090.000       1.611569    
   2092.500       1.610617    
   2095.000       1.609665    
   2097.500       1.608713    
   2100.000       1.607761    
   2102.500       1.606813    
   2105.000       1.605865    
   2107.500       1.604918    
   2110.000       1.603970    
   2112.500       1.603027    
   2115.000       1.602083    
   2117.500       1.601140    
   2120.000       1.600196    
   2122.500       1.599257    
   2125.000       1.598317    
   2127.500       1.597378    
   2130.000       1.596438    
   2132.500       1.595503    
   2135.000       1.594568    
   2137.500       1.593632    
   2140.000       1.592697    
   2142.500       1.591766    
   2145.000       1.590834    
   2147.500       1.589903    
   2150.000       1.588972    
   2152.500       1.588044    
   2155.000       1.587117    
   2157.500       1.586190    
   2160.000       1.585262    
   2162.500       1.584339    
   2165.000       1.583416    
   2167.500       1.582492    
   2170.000       1.581569    
   2172.500       1.580649    
   2175.000       1.579730    
   2177.500       1.578810    
   2180.000       1.577890    
   2182.500       1.576974    
   2185.000       1.576058    
   2187.500       1.575142    
   2190.000       1.574226    
   2192.500       1.573314    
   2195.000       1.572402    
   2197.500       1.571490    
   2200.000       1.570578    
   2202.500       1.569669    
   2205.000       1.568761    
   2207.500       1.567852    
   2210.000       1.566944    
   2212.500       1.566039    
   2215.000       1.565134    
   2217.500       1.564229    
   2220.000       1.563324    
   2222.500       1.562423    
   2225.000       1.561522    
   2227.500       1.560620    
   2230.000       1.559719    
   2232.500       1.558821    
   2235.000       1.557924    
   2237.500       1.557026    
   2240.000       1.556128    
   2242.500       1.555233    
   2245.000       1.554339    
   2247.500       1.553445    
   2250.000       1.552550    
   2252.500       1.551659    
   2255.000       1.550768    
   2257.500       1.549878    
   2260.000       1.548987    
   2262.500       1.548099    
   2265.000       1.547212    
   2267.500       1.546324    
   2270.000       1.545436    
   2272.500       1.544552    
   2275.000       1.543668    
   2277.500       1.542783    
   2280.000       1.541899    
   2282.500       1.541018    
   2285.000       1.540137    
   2287.500       1.539256    
   2290.000       1.538375    
   2292.500       1.537498    
   2295.000       1.536620    
   2297.500       1.535743    
   2300.000       1.534865    
   2302.500       1.533991    
   2305.000       1.533116    
   2307.500       1.532241    
   2310.000       1.531367    
   2312.500       1.530496    
   2315.000       1.529624    
   2317.500       1.528753    
   2320.000       1.527882    
   2322.500       1.527014    
   2325.000       1.526145    
   2327.500       1.525277    
   2330.000       1.524409    
   2332.500       1.523544    
   2335.000       1.522679    
   2337.500       1.521814    
   2340.000       1.520949    
   2342.500       1.520087    
   2345.000       1.519225    
   2347.500       1.518364    
   2350.000       1.517502    
   2352.500       1.516643    
   2355.000       1.515785    
   2357.500       1.514926    
   2360.000       1.514067    
   2362.500       1.513211    
   2365.000       1.512356    
   2367.500       1.511500    
   2370.000       1.510644    
   2372.500       1.509791    
   2375.000       1.508938    
   2377.500       1.508085    
   2380.000       1.507232    
   2382.500       1.506382    
   2385.000       1.505533    
   2387.500       1.504683    
   2390.000       1.503833    
   2392.500       1.502986    
   2395.000       1.502140    
   2397.500       1.501293    
   2400.000       1.500446    
   2402.500       1.499602    
   2405.000       1.498758    
   2407.500       1.497914    
   2410.000       1.497070    
   2412.500       1.496229    
   2415.000       1.495388    
   2417.500       1.494547    
   2420.000       1.493706    
   2422.500       1.492868    
   2425.000       1.492030    
   2427.500       1.491192    
   2430.000       1.490354    
   2432.500       1.489519    
   2435.000       1.488683    
   2437.500       1.487848    
   2440.000       1.487013    
   2442.500       1.486181    
   2445.000       1.485348    
   2447.500       1.484515    
   2450.000       1.483683    
   2452.500       1.482854    
   2455.000       1.482024    
   2457.500       1.481194    
   2460.000       1.480365    
   2462.500       1.479538    
   2465.000       1.478712    
   2467.500       1.477885    
   2470.000       1.477058    
   2472.500       1.476234    
   2475.000       1.475410    
   2477.500       1.474586    
   2480.000       1.473762    
   2482.500       1.472941    
   2485.000       1.472120    
   2487.500       1.471298    
   2490.000       1.470477    
   2492.500       1.469658    
   2495.000       1.468840    
   2497.500       1.468022    
   2500.000       1.467203    
   2502.500       1.466387    
   2505.000       1.465572    
   2507.500       1.464756    
   2510.000       1.463940    
   2512.500       1.463127    
   2515.000       1.462314    
   2517.500       1.461501    
   2520.000       1.460688    
   2522.500       1.459878    
   2525.000       1.459068    
   2527.500       1.458257    
   2530.000       1.457447    
   2532.500       1.456639    
   2535.000       1.455832    
   2537.500       1.455024    
   2540.000       1.454216    
   2542.500       1.453411    
   2545.000       1.452606    
   2547.500       1.451801    
   2550.000       1.450996    
   2552.500       1.450194    
   2555.000       1.449391    
   2557.500       1.448588    
   2560.000       1.447786    
   2562.500       1.446986    
   2565.000       1.446187    
   2567.500       1.445387    
   2570.000       1.444587    
   2572.500       1.443790    
   2575.000       1.442993    
   2577.500       1.442196    
   2580.000       1.441399    
   2582.500       1.440604    
   2585.000       1.439810    
   2587.500       1.439016    
   2590.000       1.438221    
   2592.500       1.437429    
   2595.000       1.436637    
   2597.500       1.435845    
   2600.000       1.435053    
   2602.500       1.434264    
   2605.000       1.433475    
   2607.500       1.432685    
   2610.000       1.431896    
   2612.500       1.431109    
   2615.000       1.430322    
   2617.500       1.429536    
   2620.000       1.428749    
   2622.500       1.427964    
   2625.000       1.427180    
   2627.500       1.426396    
   2630.000       1.425611    
   2632.500       1.424829    
   2635.000       1.424048    
   2637.500       1.423267    
   2640.000       1.422485    
   2642.500       1.421706    
   2645.000       1.420927    
   2647.500       1.420147    
   2650.000       1.419368    
   2652.500       1.418591    
   2655.000       1.417814    
   2657.500       1.417038    
   2660.000       1.416261    
   2662.500       1.415487    
   2665.000       1.414713    
   2667.500       1.413939    
   2670.000       1.413165    
   2672.500       1.412393    
   2675.000       1.411622    
   2677.500       1.410850    
   2680.000       1.410078    
   2682.500       1.409309    
   2685.000       1.408540    
   2687.500       1.407770    
   2690.000       1.407001    
   2692.500       1.406234    
   2695.000       1.405468    
   2697.500       1.404701    
   2700.000       1.403934    
   2702.500       1.403170    
   2705.000       1.402406    
   2707.500       1.401641    
   2710.000       1.400877    
   2712.500       1.400115    
   2715.000       1.399354    
   2717.500       1.398592    
   2720.000       1.397830    
   2722.500       1.397071    
   2725.000       1.396311    
   2727.500       1.395551    
   2730.000       1.394792    
   2732.500       1.394035    
   2735.000       1.393278    
   2737.500       1.392521    
   2740.000       1.391764    
   2742.500       1.391010    
   2745.000       1.390255    
   2747.500       1.389500    
   2750.000       1.388746    
   2752.500       1.387994    
   2755.000       1.387241    
   2757.500       1.386489    
   2760.000       1.385737    
   2762.500       1.384987    
   2765.000       1.384238    
   2767.500       1.383488    
   2770.000       1.382738    
   2772.500       1.381991    
   2775.000       1.381243    
   2777.500       1.380496    
   2780.000       1.379749    
   2782.500       1.379004    
   2785.000       1.378259    
   2787.500       1.377514    
   2790.000       1.376769    
   2792.500       1.376026    
   2795.000       1.375283    
   2797.500       1.374541    
   2800.000       1.373798    
   2802.500       1.373058    
   2805.000       1.372318    
   2807.500       1.371577    
   2810.000       1.370837    
   2812.500       1.370099    
   2815.000       1.369361    
   2817.500       1.368623    
   2820.000       1.367885    
   2822.500       1.367149    
   2825.000       1.366414    
   2827.500       1.365679    
   2830.000       1.364943    
   2832.500       1.364210    
   2835.000       1.363477    
   2837.500       1.362743    
   2840.000       1.362010    
   2842.500       1.361279    
   2845.000       1.360548    
   2847.500       1.359817    
   2850.000       1.359086    
   2852.500       1.358357    
   2855.000       1.357629    
   2857.500       1.356900    
   2860.000       1.356171    
   2862.500       1.355445    
   2865.000       1.354718    
   2867.500       1.353992    
   2870.000       1.353266    
   2872.500       1.352542    
   2875.000       1.351818    
   2877.500       1.351094    
   2880.000       1.350370    
   2882.500       1.349648    
   2885.000       1.348927    
   2887.500       1.348205    
   2890.000       1.347483    
   2892.500       1.346763    
   2895.000       1.346044    
   2897.500       1.345325    
   2900.000       1.344605    
   2902.500       1.343888    
   2905.000       1.343170    
   2907.500       1.342453    
   2910.000       1.341736    
   2912.500       1.341021    
   2915.000       1.340306    
   2917.500       1.339591    
   2920.000       1.338876    
   2922.500       1.338163    
   2925.000       1.337451    
   2927.500       1.336738    
   2930.000       1.336025    
   2932.500       1.335315    
   2935.000       1.334605    
   2937.500       1.333894    
   2940.000       1.333184    
   2942.500       1.332476    
   2945.000       1.331768    
   2947.500       1.331059    
   2950.000       1.330351    
   2952.500       1.329645    
   2955.000       1.328939    
   2957.500       1.328233    
   2960.000       1.327527    
   2962.500       1.326823    
   2965.000       1.326120    
   2967.500       1.325416    
   2970.000       1.324712    
   2972.500       1.324010    
   2975.000       1.323309    
   2977.500       1.322608    
   2980.000       1.321906    
   2982.500       1.321206    
   2985.000       1.320507    
   2987.500       1.319808    
   2990.000       1.319108    
   2992.500       1.318411    
   2995.000       1.317714    
   2997.500       1.317017    
   3000.000       1.316320    
   3002.500       1.315625    
   3005.000       1.314930    
   3007.500       1.314235    
   3010.000       1.313540    
   3012.500       1.312847    
   3015.000       1.312155    
   3017.500       1.311462    
   3020.000       1.310769    
   3022.500       1.310079    
   3025.000       1.309388    
   3027.500       1.308697    
   3030.000       1.308007    
   3032.500       1.307318    
   3035.000       1.306630    
   3037.500       1.305942    
   3040.000       1.305253    
   3042.500       1.304567    
   3045.000       1.303880    
   3047.500       1.303194    
   3050.000       1.302508    
   3052.500       1.301824    
   3055.000       1.301139    
   3057.500       1.300455    
   3060.000       1.299771    
   3062.500       1.299089    
   3065.000       1.298407    
   3067.500       1.297725    
   3070.000       1.297043    
   3072.500       1.296363    
   3075.000       1.295684    
   3077.500       1.295004    
   3080.000       1.294324    
   3082.500       1.293646    
   3085.000       1.292969    
   3087.500       1.292291    
   3090.000       1.291613    
   3092.500       1.290937    
   3095.000       1.290262    
   3097.500       1.289587    
   3100.000       1.288911    
   3102.500       1.288237    
   3105.000       1.287564    
   3107.500       1.286891    
   3110.000       1.286217    
   3112.500       1.285546    
   3115.000       1.284874    
   3117.500       1.284203    
   3120.000       1.283532    
   3122.500       1.282863    
   3125.000       1.282193    
   3127.500       1.281524    
   3130.000       1.280855    
   3132.500       1.280188    
   3135.000       1.279521    
   3137.500       1.278853    
   3140.000       1.278186    
   3142.500       1.277521    
   3145.000       1.276856    
   3147.500       1.276191    
   3150.000       1.275526    
   3152.500       1.274863    
   3155.000       1.274200    
   3157.500       1.273537    
   3160.000       1.272874    
   3162.500       1.272213    
   3165.000       1.271553    
   3167.500       1.270892    
   3170.000       1.270231    
   3172.500       1.269572    
   3175.000       1.268913    
   3177.500       1.268254    
   3180.000       1.267595    
   3182.500       1.266938    
   3185.000       1.266282    
   3187.500       1.265625    
   3190.000       1.264968    
   3192.500       1.264313    
   3195.000       1.263659    
   3197.500       1.263004    
   3200.000       1.262349    
   3202.500       1.261696    
   3205.000       1.261044    
   3207.500       1.260391    
   3210.000       1.259738    
   3212.500       1.259087    
   3215.000       1.258437    
   3217.500       1.257787    
   3220.000       1.257136    
   3222.500       1.256487    
   3225.000       1.255839    
   3227.500       1.255190    
   3230.000       1.254541    
   3232.500       1.253895    
   3235.000       1.253248    
   3237.500       1.252602    
   3240.000       1.251955    
   3260.000       1.246807    
   3270.000       1.244244    
   3280.000       1.241690    
   3290.000       1.239144    
   3300.000       1.236606    
   3310.000       1.234075    
   3320.000       1.231553    
   3330.000       1.229038    
   3340.000       1.226531    
   3350.000       1.224032    
   3360.000       1.221541    
   3370.000       1.219057    
   3380.000       1.216581    
   3390.000       1.214113    
   3400.000       1.211653    
   3410.000       1.209200    
   3420.000       1.206755    
   3430.000       1.204317    
   3440.000       1.201887    
   3450.000       1.199464    
   3460.000       1.197049    
   3470.000       1.194642    
   3480.000       1.192242    
   3490.000       1.189849    
   3500.000       1.187464    
   3510.000       1.185086    
   3520.000       1.182715    
   3530.000       1.180352    
   3540.000       1.177996    
   3550.000       1.175648    
   3560.000       1.173306    
   3570.000       1.170972    
   3580.000       1.168645    
   3590.000       1.166325    
   3600.000       1.164012    
   3610.000       1.161707    
   3620.000       1.159408    
   3630.000       1.157117    
   3640.000       1.154833    
   3650.000       1.152555    
   3660.000       1.150285    
   3670.000       1.148021    
   3680.000       1.145765    
   3690.000       1.143515    
   3700.000       1.141273    
   3710.000       1.139037    
   3720.000       1.136808    
   3730.000       1.134586    
   3740.000       1.132371    
   3750.000       1.130162    
   3760.000       1.127960    
   3770.000       1.125766    
   3780.000       1.123577    
   3790.000       1.121395    
   3800.000       1.119220    
   3810.000       1.117052    
   3820.000       1.114890    
   3830.000       1.112735    
   3840.000       1.110586    
   3850.000       1.108444    
   3860.000       1.106308    
   3870.000       1.104179    
   3880.000       1.102056    
   3890.000       1.099940    
   3900.000       1.097830    
   3910.000       1.095726    
   3920.000       1.093629    
   3930.000       1.091538    
   3940.000       1.089454    
   3950.000       1.087376    
   3960.000       1.085304    
   3970.000       1.083238    
   3980.000       1.081178    
   3990.000       1.079125    
   4000.000       1.077078    
   4010.000       1.075037    
   4020.000       1.073002    
   4030.000       1.070973    
   4040.000       1.068951    
   4050.000       1.066934    
   4060.000       1.064924    
   4070.000       1.062919    
   4080.000       1.060920    
   4090.000       1.058928    
   4100.000       1.056941    
   4110.000       1.054960    
   4120.000       1.052986    
   4130.000       1.051017    
   4140.000       1.049054    
   4150.000       1.047096    
   4160.000       1.045145    
   4170.000       1.043199    
   4180.000       1.041260    
   4190.000       1.039325    
   4200.000       1.037397    
   4210.000       1.035474    
   4220.000       1.033557    
   4230.000       1.031646    
   4240.000       1.029740    
   4250.000       1.027840    
   4260.000       1.025946    
   4270.000       1.024057    
   4280.000       1.022174    
   4290.000       1.020296    
   4300.000       1.018424    
   4310.000       1.016557    
   4320.000       1.014696    
   4330.000       1.012840    
   4340.000       1.010990    
   4350.000       1.009144    
   4360.000       1.007305    
   4370.000       1.005471    
   4380.000       1.003642    
   4390.000       1.001818    
   4400.000       1.000000    
   4410.000      0.9981872    
   4420.000      0.9963795    
   4430.000      0.9945771    
   4440.000      0.9927800    
   4450.000      0.9909880    
   4460.000      0.9892012    
   4470.000      0.9874197    
   4480.000      0.9856433    
   4490.000      0.9838719    
   4500.000      0.9821059    
   4510.000      0.9803448    
   4520.000      0.9785888    
   4530.000      0.9768379    
   4540.000      0.9750919    
   4550.000      0.9733511    
   4560.000      0.9716151    
   4570.000      0.9698843    
   4580.000      0.9681584    
   4590.000      0.9664373    
   4600.000      0.9647213    
   4610.000      0.9630101    
   4620.000      0.9613038    
   4630.000      0.9596024    
   4640.000      0.9579058    
   4650.000      0.9562142    
   4660.000      0.9545273    
   4670.000      0.9528452    
   4680.000      0.9511678    
   4690.000      0.9494953    
   4700.000      0.9478275    
   4710.000      0.9461643    
   4720.000      0.9445059    
   4730.000      0.9428523    
   4740.000      0.9412033    
   4750.000      0.9395590    
   4760.000      0.9379191    
   4770.000      0.9362840    
   4780.000      0.9346536    
   4790.000      0.9330276    
   4800.000      0.9314062    
   4810.000      0.9297895    
   4820.000      0.9281772    
   4830.000      0.9265694    
   4840.000      0.9249661    
   4850.000      0.9233673    
   4860.000      0.9217730    
   4870.000      0.9201832    
   4880.000      0.9185978    
   4890.000      0.9170169    
   4900.000      0.9154401    
   4910.000      0.9138679    
   4920.000      0.9123001    
   4930.000      0.9107365    
   4940.000      0.9091774    
   4950.000      0.9076225    
   4960.000      0.9060719    
   4970.000      0.9045256    
   4980.000      0.9029836    
   4990.000      0.9014459    
   5000.000      0.8999123    
   5010.000      0.8983830    
   5020.000      0.8968579    
   5030.000      0.8953369    
   5040.000      0.8938202    
   5050.000      0.8923076    
   5060.000      0.8907992    
   5070.000      0.8892949    
   5080.000      0.8877947    
   5090.000      0.8862987    
   5100.000      0.8848066    
   5110.000      0.8833187    
   5120.000      0.8818347    
   5130.000      0.8803548    
   5140.000      0.8788790    
   5150.000      0.8774072    
   5160.000      0.8759393    
   5170.000      0.8744755    
   5180.000      0.8730156    
   5190.000      0.8715596    
   5200.000      0.8701076    
   5210.000      0.8686594    
   5220.000      0.8672153    
   5230.000      0.8657748    
   5240.000      0.8643385    
   5250.000      0.8629059    
   5260.000      0.8614771    
   5270.000      0.8600522    
   5280.000      0.8586312    
   5290.000      0.8572139    
   5300.000      0.8558003    
   5310.000      0.8543906    
   5320.000      0.8529846    
   5330.000      0.8515823    
   5340.000      0.8501840    
   5350.000      0.8487892    
   5360.000      0.8473980    
   5370.000      0.8460107    
   5380.000      0.8446270    
   5390.000      0.8432470    
   5400.000      0.8418707    
   5410.000      0.8404979    
   5420.000      0.8391289    
   5430.000      0.8377634    
   5440.000      0.8364015    
   5450.000      0.8350431    
   5460.000      0.8336884    
   5470.000      0.8323373    
   5480.000      0.8309895    
   5490.000      0.8296456    
   5500.000      0.8283050    
   5510.000      0.8269680    
   5520.000      0.8256344    
   5530.000      0.8243043    
   5540.000      0.8229777    
   5550.000      0.8216545    
   5560.000      0.8203347    
   5570.000      0.8190185    
   5580.000      0.8177057    
   5590.000      0.8163961    
   5600.000      0.8150901    
   5610.000      0.8137875    
   5620.000      0.8124883    
   5630.000      0.8111923    
   5640.000      0.8098994    
   5650.000      0.8086104    
   5660.000      0.8073244    
   5670.000      0.8060418    
   5680.000      0.8047625    
   5690.000      0.8034865    
   5700.000      0.8022136    
   5710.000      0.8009441    
   5720.000      0.7996779    
   5730.000      0.7984149    
   5740.000      0.7971552    
   5760.000      0.7946452    
   5780.000      0.7921481    
   5800.000      0.7896634    
   5820.000      0.7871916    
   5840.000      0.7847322    
   5860.000      0.7822853    
   5880.000      0.7798506    
   5900.000      0.7774283    
   5920.000      0.7750180    
   5940.000      0.7726199    
   5960.000      0.7702336    
   5980.000      0.7678592    
   6000.000      0.7654967    
   6020.000      0.7631461    
   6040.000      0.7608070    
   6060.000      0.7584794    
   6080.000      0.7561633    
   6100.000      0.7538586    
   6120.000      0.7515654    
   6140.000      0.7492833    
   6160.000      0.7470124    
   6180.000      0.7447525    
   6200.000      0.7425036    
   6220.000      0.7402658    
   6240.000      0.7380388    
   6260.000      0.7358226    
   6280.000      0.7336171    
   6300.000      0.7314222    
   6320.000      0.7252591    
   6340.000      0.7222992    
   6360.000      0.7193578    
   6380.000      0.7164351    
   6400.000      0.7135304    
   6420.000      0.7106440    
   6440.000      0.7077755    
   6460.000      0.7049247    
   6480.000      0.7020916    
   6500.000      0.6992758    
   6520.000      0.6964774    
   6540.000      0.6936960    
   6560.000      0.6909317    
   6580.000      0.6881840    
   6600.000      0.6854531    
   6620.000      0.6827387    
   6640.000      0.6800406    
   6660.000      0.6773587    
   6680.000      0.6746928    
   6700.000      0.6720429    
   6720.000      0.6694089    
   6740.000      0.6667904    
   6760.000      0.6641873    
   6780.000      0.6615997    
   6800.000      0.6590273    
   6820.000      0.6564699    
   6840.000      0.6539276    
   6860.000      0.6514001    
   6880.000      0.6488871    
   6900.000      0.6463889    
   6920.000      0.6439049    
   6940.000      0.6414354    
   6960.000      0.6389801    
   6980.000      0.6365389    
   7000.000      0.6341115    
   7020.000      0.6316981    
   7040.000      0.6292982    
   7060.000      0.6269120    
   7080.000      0.6245393    
   7100.000      0.6221800    
   7120.000      0.6198340    
   7140.000      0.6175010    
   7160.000      0.6151811    
   7180.000      0.6128742    
   7200.000      0.6105800    
   7220.000      0.6082986    
   7240.000      0.6060297    
   7260.000      0.6037733    
   7280.000      0.6015294    
   7300.000      0.5992978    
   7320.000      0.5970783    
   7340.000      0.5948709    
   7360.000      0.5926755    
   7380.000      0.5904921    
   7400.000      0.5883205    
   7420.000      0.5861605    
   7440.000      0.5840122    
   7460.000      0.5818753    
   7480.000      0.5797499    
   7500.000      0.5776358    
   7520.000      0.5755330    
   7540.000      0.5734413    
   7560.000      0.5713607    
   7580.000      0.5692912    
   7600.000      0.5672324    
   7620.000      0.5651845    
   7640.000      0.5631472    
   7660.000      0.5611207    
   7680.000      0.5591047    
   7700.000      0.5570992    
   7720.000      0.5551041    
   7740.000      0.5531192    
   7760.000      0.5511447    
   7780.000      0.5491802    
   7800.000      0.5472259    
   7820.000      0.5452814    
   7840.000      0.5433469    
   7860.000      0.5414224    
   7880.000      0.5395076    
   7900.000      0.5376024    
   7920.000      0.5357069    
   7940.000      0.5338209    
   7960.000      0.5319444    
   7980.000      0.5300773    
   8000.000      0.5282196    
   8020.000      0.5263711    
   8040.000      0.5245318    
   8060.000      0.5227016    
   8080.000      0.5208806    
   8100.000      0.5190684    
   8120.000      0.5172653    
   8140.000      0.5154709    
   8160.000      0.5136854    
   8180.000      0.5119087    
   8200.000      0.5101405    
   8220.000      0.5083809    
   8240.000      0.5066299    
   8260.000      0.5048875    
   8280.000      0.5031534    
   8300.000      0.5014277    
   8320.000      0.4997103    
   8340.000      0.4980010    
   8360.000      0.4963000    
   8380.000      0.4946071    
   8400.000      0.4929223    
   8420.000      0.4912454    
   8440.000      0.4895766    
   8460.000      0.4879155    
   8480.000      0.4862624    
   8500.000      0.4846170    
   8520.000      0.4829794    
   8540.000      0.4813494    
   8560.000      0.4797271    
   8580.000      0.4781122    
   8600.000      0.4765049    
   8620.000      0.4749051    
   8640.000      0.4733127    
   8660.000      0.4717275    
   8680.000      0.4701498    
   8700.000      0.4685793    
   8720.000      0.4670160    
   8740.000      0.4654599    
   8760.000      0.4639108    
   8780.000      0.4623687    
   8800.000      0.4608338    
   8820.000      0.4593058    
   8840.000      0.4577847    
   8860.000      0.4562705    
   8880.000      0.4547630    
   8900.000      0.4532623    
   8920.000      0.4517684    
   8940.000      0.4502812    
   8960.000      0.4488007    
   8980.000      0.4473266    
   9000.000      0.4458592    
   9020.000      0.4443983    
   9040.000      0.4429438    
   9060.000      0.4414957    
   9080.000      0.4400540    
   9100.000      0.4386187    
   9120.000      0.4371898    
   9140.000      0.4357669    
   9160.000      0.4343503    
   9180.000      0.4329399    
   9200.000      0.4315357    
   9220.000      0.4301374    
   9240.000      0.4287453    
   9260.000      0.4273592    
   9280.000      0.4259791    
   9300.000      0.4246049    
   9320.000      0.4232365    
   9340.000      0.4218742    
   9360.000      0.4205176    
   9380.000      0.4191667    
   9400.000      0.4178216    
   9420.000      0.4164822    
   9440.000      0.4151485    
   9460.000      0.4138205    
   9480.000      0.4124981    
   9500.000      0.4111811    
   9520.000      0.4098698    
   9540.000      0.4085639    
   9560.000      0.4072635    
   9580.000      0.4059686    
   9600.000      0.4046790    
   9620.000      0.4033948    
   9640.000      0.4021159    
   9660.000      0.4008423    
   9680.000      0.3995740    
   9700.000      0.3983109    
   9720.000      0.3970530    
   9740.000      0.3958003    
   9760.000      0.3945527    
   9780.000      0.3933102    
   9800.000      0.3920728    
   9820.000      0.3908404    
   9840.000      0.3896131    
   9860.000      0.3883907    
   9880.000      0.3871732    
   9900.000      0.3859607    
   9920.000      0.3847531    
   9940.000      0.3835503    
   9960.000      0.3823524    
   9980.000      0.3811592    
   10000.00      0.3799708    
   10020.00      0.3787872    
   10040.00      0.3776084    
   10060.00      0.3764341    
   10080.00      0.3752645    
   10100.00      0.3740996    
   10120.00      0.3729393    
   10140.00      0.3717836    
   10160.00      0.3706324    
   10180.00      0.3694857    
   10200.00      0.3683435    
   10220.00      0.3672059    
   10240.00      0.3660725    
   10260.00      0.3649437    
   10280.00      0.3638193    
   10300.00      0.3626992    
   10320.00      0.3615834    
   10340.00      0.3604720    
   10360.00      0.3593649    
   10380.00      0.3582620    
   10400.00      0.3571634    
   10420.00      0.3560690    
   10440.00      0.3549787    
   10460.00      0.3538927    
   10480.00      0.3528109    
   10500.00      0.3517330    
   10520.00      0.3506593    
   10540.00      0.3495897    
   10560.00      0.3485242    
   10580.00      0.3474627    
   10600.00      0.3464051    
   10800.00      0.3360453    
   11000.00      0.3260623    
   11200.00      0.3164357    
   11400.00      0.3071469    
   11600.00      0.2981785    
   11800.00      0.2895140    
   12000.00      0.2811384    
   12200.00      0.2730373    
   12400.00      0.2651977    
   12600.00      0.2576068    
   12800.00      0.2502532    
   13000.00      0.2431259    
   13200.00      0.2362146    
   13400.00      0.2295095    
   13600.00      0.2230016    
   13800.00      0.2166824    
   14000.00      0.2105438    
   14200.00      0.2045780    
   14400.00      0.1987780    
   14600.00      0.1931369    
   14800.00      0.1876483    
   15000.00      0.1823059    
   15200.00      0.1771042    
   15400.00      0.1720376    
   15600.00      0.1671009    
   15800.00      0.1622892    
   16000.00      0.1575978    
   16200.00      0.1530222    
   16400.00      0.1485582    
   16600.00      0.1442019    
   16800.00      0.1399492    
   17000.00      0.1357966    
   17200.00      0.1317404    
   17400.00      0.1277776    
   17600.00      0.1239049    
   17800.00      0.1201192    
   18000.00      0.1164176    
   18200.00      0.1127973    
   18400.00      0.1092558    
   18600.00      0.1057904    
   18800.00      0.1023988    
   19000.00      9.9078529E-02
   19200.00      9.5827423E-02
   19400.00      9.2643440E-02
   19600.00      8.9524388E-02
   19800.00      8.6468324E-02
   20000.00      8.3473414E-02
   20200.00      8.0537826E-02
   20400.00      7.7659756E-02
   20600.00      7.4837558E-02
   20800.00      7.2069712E-02
   21000.00      6.9354475E-02
   21200.00      6.6690557E-02
   21400.00      6.4076409E-02
   21600.00      6.1510634E-02
   21800.00      5.8992002E-02
   22000.00      5.6519132E-02
   22200.00      5.4090876E-02
   22400.00      5.1705811E-02
   22600.00      4.9363013E-02
   22800.00      4.7061481E-02
   23000.00      4.4799916E-02
   23200.00      4.2577226E-02
   23400.00      4.0392574E-02
   23600.00      3.8244959E-02
   23800.00      3.6133457E-02
   24000.00      3.4057241E-02
   24200.00      3.2015208E-02
   24400.00      3.0006625E-02
   24600.00      2.8030753E-02
   24800.00      2.6086772E-02
   25000.00      2.4173941E-02
   25200.00      2.2291433E-02
   25400.00      2.0438515E-02
   25600.00      1.8614637E-02
   34000.00      0.0000000E+00
   120000.0      0.0000000E+00
   250000.0      0.0000000E+00
   600000.0      0.0000000E+00
   1000000.      0.0000000E+00
